camera_matrix:
- - 1613.8718290560641
  - 0.0
  - 2011.3950941123194
- - 0.0
  - 1619.9180126008455
  - 1500.6265418775627
- - 0.0
  - 0.0
  - 1.0
dist_coeff:
- - 0.059608012951976964
  - -0.13718789727117625
  - 5.218477438728418e-05
  - 0.0009230147303765286
  - 0.08565798847899965
