camera_matrix:
- - 2454.856438418932
  - 0.0
  - 2612.994849363183
- - 0.0
  - 2467.603688789939
  - 1916.7619266746294
- - 0.0
  - 0.0
  - 1.0
dist_coeff:
- - -0.3278773760596665
  - 0.19405513268249566
  - 0.00309593754034817
  - -0.0019976434825305545
  - -0.08051225358648352
