camera_matrix:
- - 1613.9755437859674
  - 0.0
  - 2011.360273772867
- - 0.0
  - 1620.0173775815379
  - 1500.727201994513
- - 0.0
  - 0.0
  - 1.0
dist_coeff:
- - 0.05950621010439952
  - -0.1370295251547647
  - 5.2991173470090975e-05
  - 0.0009190327115469222
  - 0.0855913343166465
