camera_matrix:
- - 2457.0570432553322
  - 0.0
  - 2613.9350916392705
- - 0.0
  - 2469.8392703683453
  - 1917.2557824624757
- - 0.0
  - 0.0
  - 1.0
dist_coeff:
- - -0.32864964451843515
  - 0.19557623844354988
  - 0.003089204278543263
  - -0.002057509896880716
  - -0.08178369801245229
